	NC_008459	NC_005088	NC_001735	NC_007337
NC_001735.4_13	0.00	0.14	1.00	0.14
NC_001735.4_14	0.00	0.20	1.00	0.00
NC_001735.4_16	0.00	0.00	1.00	0.00
NC_001735.4_17	0.00	0.31	1.00	0.33
NC_001735.4_18	0.08	0.00	1.00	0.00
NC_001735.4_19	0.00	0.00	1.00	0.12
NC_001735.4_40	0.00	0.00	1.00	0.07
NC_001735.4_41	0.19	0.19	1.00	0.19
NC_001735.4_42	0.00	0.00	1.00	0.00
NC_005088.1_10	0.00	1.00	0.00	0.00
NC_005088.1_11	0.00	1.00	0.00	0.00
NC_005088.1_12	0.00	1.00	0.00	0.00
NC_005088.1_13	0.00	1.00	0.00	0.09
NC_005088.1_2	0.00	1.00	0.00	0.28
NC_005088.1_3	0.00	1.00	0.00	0.00
NC_005088.1_4	0.00	1.00	0.00	0.00
NC_005088.1_41	0.00	1.00	0.00	0.00
NC_005088.1_45	0.00	1.00	0.00	0.00
NC_005088.1_46	0.00	1.00	0.00	0.00
NC_005088.1_47	0.00	1.00	0.00	0.00
NC_005088.1_48	0.12	1.00	0.11	0.11
NC_005088.1_49	0.00	1.00	0.00	0.08
NC_005088.1_5	0.00	1.00	0.00	0.00
NC_005088.1_50	0.00	1.00	0.00	0.10
NC_005088.1_6	0.12	1.00	0.12	0.12
NC_005088.1_8	0.00	1.00	0.00	0.00
NC_005088.1_9	0.00	1.00	0.00	0.00
NC_007337.1_12	0.15	0.14	0.14	1.00
NC_007337.1_16	0.24	0.27	0.25	1.00
NC_007337.1_18	0.00	0.00	0.04	1.00
NC_007337.1_19	0.00	0.02	0.00	1.00
NC_007337.1_20	0.00	0.00	0.00	1.00
NC_007337.1_21	0.15	0.00	0.00	1.00
NC_007337.1_22	0.00	0.00	0.00	1.00
NC_007337.1_23	0.00	0.00	0.00	1.00
NC_007337.1_24	0.00	0.00	0.00	1.00
NC_007337.1_25	0.00	0.00	0.00	1.00
NC_007337.1_26	0.00	0.00	0.00	1.00
NC_007337.1_27	0.00	0.00	0.00	1.00
NC_007337.1_28	0.05	0.05	0.05	1.00
NC_007337.1_29	0.00	0.00	0.00	1.00
NC_007337.1_30	0.00	0.00	0.00	1.00
NC_007337.1_31	0.00	0.04	0.00	1.00
NC_007337.1_32	0.00	0.05	0.05	1.00
NC_007337.1_33	0.00	0.00	0.00	1.00
NC_007337.1_34	0.00	0.00	0.00	1.00
NC_007337.1_35	0.00	0.12	0.13	1.00
NC_007337.1_36	0.00	0.00	0.00	1.00
NC_007337.1_37	0.00	0.00	0.00	1.00
NC_007337.1_39	0.00	0.00	0.00	1.00
NC_007337.1_40	0.00	0.00	0.00	1.00
NC_007337.1_41	0.00	0.00	0.00	1.00
NC_007337.1_42	0.00	0.08	0.00	1.00
NC_007337.1_43	0.00	0.00	0.00	1.00
NC_007337.1_44	0.00	0.00	0.00	1.00
NC_007337.1_45	0.05	0.05	0.05	1.00
NC_007337.1_46	0.00	0.06	0.06	1.00
NC_007337.1_47	0.03	0.00	0.00	1.00
NC_007337.1_48	0.00	0.00	0.00	1.00
NC_007337.1_49	0.00	0.00	0.00	1.00
NC_007337.1_50	0.07	0.07	0.07	1.00
NC_007337.1_54	0.00	0.09	0.00	1.00
NC_008459.1_12	1.00	0.00	0.00	0.00
NC_008459.1_13	1.00	0.00	0.00	0.00
