marker	group1_mean	>=0.8	total_in_group_1	>=0.4	group2_mean	>=0.8	total_in_group2	>=0.4
NC_001735.4_1	0.98	2	2	2	0.955	2	2	2
NC_001735.4_10	1.0	2	2	2	0.935	2	2	2
NC_001735.4_11	0.995	2	2	2	0.775	1	2	2
NC_001735.4_12	0.995	2	2	2	0.945	2	2	2
NC_001735.4_13	0.57	1	2	1	0.07	0	2	0
NC_001735.4_14	0.6	1	2	1	0.0	0	2	0
NC_001735.4_15	0.91	2	2	2	0.515	0	2	2
NC_001735.4_16	0.5	1	2	1	0.0	0	2	0
NC_001735.4_17	0.655	1	2	1	0.165	0	2	0
NC_001735.4_18	0.5	1	2	1	0.04	0	2	0
NC_001735.4_19	0.5	1	2	1	0.06	0	2	0
NC_001735.4_2	1.0	2	2	2	0.985	2	2	2
NC_001735.4_22	1.0	2	2	2	0.99	2	2	2
NC_001735.4_24	0.995	2	2	2	0.99	2	2	2
NC_001735.4_27	1.0	2	2	2	0.985	2	2	2
NC_001735.4_28	0.995	2	2	2	0.99	2	2	2
NC_001735.4_29	0.995	2	2	2	0.945	2	2	2
NC_001735.4_32	0.995	2	2	2	0.99	2	2	2
NC_001735.4_33	1.0	2	2	2	0.875	1	2	2
NC_001735.4_36	1.0	2	2	2	1.0	2	2	2
NC_001735.4_40	0.5	1	2	1	0.035	0	2	0
NC_001735.4_41	0.595	1	2	1	0.19	0	2	0
NC_001735.4_42	0.5	1	2	1	0.0	0	2	0
NC_001735.4_43	0.945	2	2	2	0.105	0	2	0
NC_001735.4_44	0.96	2	2	2	0.02	0	2	0
NC_001735.4_45	0.99	2	2	2	0.02	0	2	0
NC_001735.4_46	0.95	2	2	2	0.015	0	2	0
NC_001735.4_48	1.0	2	2	2	0.99	2	2	2
NC_001735.4_5	1.0	2	2	2	0.95	2	2	2
NC_001735.4_52	0.995	2	2	2	0.94	2	2	2
NC_001735.4_53	1.0	2	2	2	0.975	2	2	2
NC_001735.4_54	1.0	2	2	2	0.96	2	2	2
NC_001735.4_56	1.0	2	2	2	0.995	2	2	2
NC_001735.4_7	1.0	2	2	2	0.785	1	2	2
NC_001735.4_8	1.0	2	2	2	0.0	0	2	0
NC_001735.4_9	1.0	2	2	2	0.66	0	2	2
NC_005088.1_10	0.5	1	2	1	0.0	0	2	0
NC_005088.1_11	0.5	1	2	1	0.0	0	2	0
NC_005088.1_12	0.5	1	2	1	0.0	0	2	0
NC_005088.1_13	0.5	1	2	1	0.045	0	2	0
NC_005088.1_15	0.5	1	2	1	0.375	0	2	1
NC_005088.1_16	0.5	1	2	1	0.265	0	2	1
NC_005088.1_17	0.98	2	2	2	0.985	2	2	2
NC_005088.1_2	0.5	1	2	1	0.14	0	2	0
NC_005088.1_22	0.995	2	2	2	0.99	2	2	2
NC_005088.1_26	1.0	2	2	2	0.985	2	2	2
NC_005088.1_27	1.0	2	2	2	0.955	2	2	2
NC_005088.1_3	0.5	1	2	1	0.0	0	2	0
NC_005088.1_31	1.0	2	2	2	0.995	2	2	2
NC_005088.1_33	0.855	1	2	2	0.71	0	2	2
NC_005088.1_34	0.955	2	2	2	0.015	0	2	0
NC_005088.1_37	0.95	2	2	2	0.11	0	2	0
NC_005088.1_38	0.5	1	2	1	0.43	1	2	1
NC_005088.1_4	0.5	1	2	1	0.0	0	2	0
NC_005088.1_40	0.5	1	2	1	0.43	1	2	1
NC_005088.1_41	0.5	1	2	1	0.0	0	2	0
NC_005088.1_42	0.565	1	2	1	0.47	1	2	1
NC_005088.1_44	0.665	1	2	1	0.445	1	2	1
NC_005088.1_45	0.5	1	2	1	0.0	0	2	0
NC_005088.1_46	0.5	1	2	1	0.0	0	2	0
NC_005088.1_47	0.5	1	2	1	0.0	0	2	0
NC_005088.1_48	0.555	1	2	1	0.115	0	2	0
NC_005088.1_49	0.5	1	2	1	0.04	0	2	0
NC_005088.1_5	0.5	1	2	1	0.0	0	2	0
NC_005088.1_50	0.5	1	2	1	0.05	0	2	0
NC_005088.1_51	0.705	1	2	2	0.155	0	2	0
NC_005088.1_55	1.0	2	2	2	0.99	2	2	2
NC_005088.1_6	0.56	1	2	1	0.12	0	2	0
NC_005088.1_60	0.995	2	2	2	1.0	2	2	2
NC_005088.1_64	0.995	2	2	2	0.86	1	2	2
NC_005088.1_67	1.0	2	2	2	0.94	2	2	2
NC_005088.1_68	1.0	2	2	2	0.255	0	2	1
NC_005088.1_8	0.5	1	2	1	0.0	0	2	0
NC_005088.1_9	0.5	1	2	1	0.0	0	2	0
NC_007337.1_10	0.91	2	2	2	0.955	2	2	2
NC_007337.1_11	0.81	2	2	2	0.815	1	2	2
NC_007337.1_12	0.14	0	2	0	0.575	1	2	1
NC_007337.1_14	0.27	0	2	1	0.5	1	2	1
NC_007337.1_15	0.37	0	2	1	0.5	1	2	1
NC_007337.1_16	0.26	0	2	0	0.62	1	2	1
NC_007337.1_17	0.5	1	2	1	0.5	1	2	1
NC_007337.1_18	0.02	0	2	0	0.5	1	2	1
NC_007337.1_19	0.01	0	2	0	0.5	1	2	1
NC_007337.1_20	0.0	0	2	0	0.5	1	2	1
NC_007337.1_21	0.0	0	2	0	0.575	1	2	1
NC_007337.1_22	0.0	0	2	0	0.5	1	2	1
NC_007337.1_23	0.0	0	2	0	0.5	1	2	1
NC_007337.1_24	0.0	0	2	0	0.5	1	2	1
NC_007337.1_25	0.0	0	2	0	0.5	1	2	1
NC_007337.1_26	0.0	0	2	0	0.5	1	2	1
NC_007337.1_27	0.0	0	2	0	0.5	1	2	1
NC_007337.1_28	0.05	0	2	0	0.525	1	2	1
NC_007337.1_29	0.0	0	2	0	0.5	1	2	1
NC_007337.1_30	0.0	0	2	0	0.5	1	2	1
NC_007337.1_31	0.02	0	2	0	0.5	1	2	1
NC_007337.1_32	0.05	0	2	0	0.5	1	2	1
NC_007337.1_33	0.0	0	2	0	0.5	1	2	1
NC_007337.1_34	0.0	0	2	0	0.5	1	2	1
NC_007337.1_35	0.125	0	2	0	0.5	1	2	1
NC_007337.1_36	0.0	0	2	0	0.5	1	2	1
NC_007337.1_37	0.0	0	2	0	0.5	1	2	1
NC_007337.1_39	0.0	0	2	0	0.5	1	2	1
NC_007337.1_4	1.0	2	2	2	0.985	2	2	2
NC_007337.1_40	0.0	0	2	0	0.5	1	2	1
NC_007337.1_41	0.0	0	2	0	0.5	1	2	1
NC_007337.1_42	0.04	0	2	0	0.5	1	2	1
NC_007337.1_43	0.0	0	2	0	0.5	1	2	1
NC_007337.1_44	0.0	0	2	0	0.5	1	2	1
NC_007337.1_45	0.05	0	2	0	0.525	1	2	1
NC_007337.1_46	0.06	0	2	0	0.5	1	2	1
NC_007337.1_47	0.0	0	2	0	0.515	1	2	1
NC_007337.1_48	0.0	0	2	0	0.5	1	2	1
NC_007337.1_49	0.0	0	2	0	0.5	1	2	1
NC_007337.1_50	0.07	0	2	0	0.535	1	2	1
NC_007337.1_51	0.565	1	2	1	0.5	1	2	1
NC_007337.1_52	0.5	1	2	1	0.525	1	2	1
NC_007337.1_54	0.045	0	2	0	0.5	1	2	1
NC_007337.1_55	0.505	1	2	1	0.575	1	2	1
NC_007337.1_56	0.49	1	2	1	0.5	1	2	1
NC_007337.1_57	0.435	1	2	1	0.5	1	2	1
NC_007337.1_58	0.535	1	2	1	0.5	1	2	1
NC_007337.1_59	0.47	1	2	1	0.5	1	2	1
NC_007337.1_6	0.88	2	2	2	0.935	2	2	2
NC_007337.1_60	0.625	1	2	1	0.5	1	2	1
NC_007337.1_63	1.0	2	2	2	1.0	2	2	2
NC_007337.1_7	0.79	0	2	2	0.5	1	2	1
NC_007337.1_74	1.0	2	2	2	1.0	2	2	2
NC_007337.1_78	0.49	1	2	1	0.995	2	2	2
NC_007337.1_79	0.395	0	2	1	0.985	2	2	2
NC_007337.1_8	0.82	2	2	2	0.87	1	2	2
NC_007337.1_80	0.09	0	2	0	0.995	2	2	2
NC_007337.1_81	1.0	2	2	2	0.805	1	2	2
NC_007337.1_85	1.0	2	2	2	0.99	2	2	2
NC_007337.1_9	0.7	0	2	2	0.77	1	2	2
NC_008459.1_10	0.895	2	2	2	0.895	1	2	2
NC_008459.1_12	0.0	0	2	0	0.5	1	2	1
NC_008459.1_13	0.0	0	2	0	0.5	1	2	1
NC_008459.1_14	0.86	2	2	2	0.68	1	2	1
NC_008459.1_19	0.995	2	2	2	1.0	2	2	2
NC_008459.1_25	0.91	2	2	2	0.955	2	2	2
NC_008459.1_3	0.865	2	2	2	0.935	2	2	2
NC_008459.1_35	0.58	0	2	2	0.79	1	2	2
NC_008459.1_37	0.905	2	2	2	0.995	2	2	2
NC_008459.1_40	0.89	2	2	2	0.945	2	2	2
NC_008459.1_7	0.73	0	2	2	0.85	1	2	2
NC_008459.1_8	0.55	0	2	2	0.76	1	2	2
