	NC_008459	NC_005088	NC_001735	NC_007337
NC_001735.4_13	0.00	0.14	1.00	0.14
NC_001735.4_14	0.00	0.20	1.00	0.00
NC_001735.4_15	0.52	0.82	1.00	0.51
NC_001735.4_16	0.00	0.00	1.00	0.00
NC_001735.4_17	0.00	0.31	1.00	0.33
NC_001735.4_18	0.08	0.00	1.00	0.00
NC_001735.4_19	0.00	0.00	1.00	0.12
NC_001735.4_40	0.00	0.00	1.00	0.07
NC_001735.4_41	0.19	0.19	1.00	0.19
NC_001735.4_42	0.00	0.00	1.00	0.00
NC_001735.4_43	0.10	0.89	1.00	0.11
NC_001735.4_44	0.00	0.92	1.00	0.04
NC_001735.4_45	0.00	0.98	1.00	0.04
NC_001735.4_46	0.00	0.90	1.00	0.03
NC_001735.4_8	0.00	1.00	1.00	0.00
NC_001735.4_9	0.59	1.00	1.00	0.73
NC_005088.1_10	0.00	1.00	0.00	0.00
NC_005088.1_11	0.00	1.00	0.00	0.00
NC_005088.1_12	0.00	1.00	0.00	0.00
NC_005088.1_13	0.00	1.00	0.00	0.09
NC_005088.1_15	0.00	1.00	0.00	0.75
NC_005088.1_16	0.00	1.00	0.00	0.53
NC_005088.1_2	0.00	1.00	0.00	0.28
NC_005088.1_3	0.00	1.00	0.00	0.00
NC_005088.1_33	0.71	1.00	0.71	0.71
NC_005088.1_34	0.00	1.00	0.91	0.03
NC_005088.1_37	0.11	1.00	0.90	0.11
NC_005088.1_38	0.00	1.00	0.00	0.86
NC_005088.1_4	0.00	1.00	0.00	0.00
NC_005088.1_40	0.00	1.00	0.00	0.86
NC_005088.1_41	0.00	1.00	0.00	0.00
NC_005088.1_42	0.00	1.00	0.13	0.94
NC_005088.1_44	0.00	1.00	0.33	0.89
NC_005088.1_45	0.00	1.00	0.00	0.00
NC_005088.1_46	0.00	1.00	0.00	0.00
NC_005088.1_47	0.00	1.00	0.00	0.00
NC_005088.1_48	0.12	1.00	0.11	0.11
NC_005088.1_49	0.00	1.00	0.00	0.08
NC_005088.1_5	0.00	1.00	0.00	0.00
NC_005088.1_50	0.00	1.00	0.00	0.10
NC_005088.1_51	0.16	1.00	0.41	0.15
NC_005088.1_6	0.12	1.00	0.12	0.12
NC_005088.1_68	0.00	1.00	1.00	0.51
NC_005088.1_8	0.00	1.00	0.00	0.00
NC_005088.1_9	0.00	1.00	0.00	0.00
NC_007337.1_12	0.15	0.14	0.14	1.00
NC_007337.1_14	0.00	0.54	0.00	1.00
NC_007337.1_15	0.00	0.74	0.00	1.00
NC_007337.1_16	0.24	0.27	0.25	1.00
NC_007337.1_17	0.00	1.00	0.00	1.00
NC_007337.1_18	0.00	0.00	0.04	1.00
NC_007337.1_19	0.00	0.02	0.00	1.00
NC_007337.1_20	0.00	0.00	0.00	1.00
NC_007337.1_21	0.15	0.00	0.00	1.00
NC_007337.1_22	0.00	0.00	0.00	1.00
NC_007337.1_23	0.00	0.00	0.00	1.00
NC_007337.1_24	0.00	0.00	0.00	1.00
NC_007337.1_25	0.00	0.00	0.00	1.00
NC_007337.1_26	0.00	0.00	0.00	1.00
NC_007337.1_27	0.00	0.00	0.00	1.00
NC_007337.1_28	0.05	0.05	0.05	1.00
NC_007337.1_29	0.00	0.00	0.00	1.00
NC_007337.1_30	0.00	0.00	0.00	1.00
NC_007337.1_31	0.00	0.04	0.00	1.00
NC_007337.1_32	0.00	0.05	0.05	1.00
NC_007337.1_33	0.00	0.00	0.00	1.00
NC_007337.1_34	0.00	0.00	0.00	1.00
NC_007337.1_35	0.00	0.12	0.13	1.00
NC_007337.1_36	0.00	0.00	0.00	1.00
NC_007337.1_37	0.00	0.00	0.00	1.00
NC_007337.1_39	0.00	0.00	0.00	1.00
NC_007337.1_40	0.00	0.00	0.00	1.00
NC_007337.1_41	0.00	0.00	0.00	1.00
NC_007337.1_42	0.00	0.08	0.00	1.00
NC_007337.1_43	0.00	0.00	0.00	1.00
NC_007337.1_44	0.00	0.00	0.00	1.00
NC_007337.1_45	0.05	0.05	0.05	1.00
NC_007337.1_46	0.00	0.06	0.06	1.00
NC_007337.1_47	0.03	0.00	0.00	1.00
NC_007337.1_48	0.00	0.00	0.00	1.00
NC_007337.1_49	0.00	0.00	0.00	1.00
NC_007337.1_50	0.07	0.07	0.07	1.00
NC_007337.1_51	0.00	1.00	0.13	1.00
NC_007337.1_52	0.05	1.00	0.00	1.00
NC_007337.1_54	0.00	0.09	0.00	1.00
NC_007337.1_55	0.15	0.86	0.15	1.00
NC_007337.1_56	0.00	0.98	0.00	1.00
NC_007337.1_57	0.00	0.84	0.03	1.00
NC_007337.1_58	0.00	0.94	0.13	1.00
NC_007337.1_59	0.00	0.94	0.00	1.00
NC_007337.1_60	0.00	0.90	0.35	1.00
NC_007337.1_7	0.00	0.79	0.79	1.00
NC_007337.1_79	0.97	0.00	0.79	1.00
NC_007337.1_80	0.99	0.10	0.08	1.00
NC_007337.1_9	0.54	0.70	0.70	1.00
NC_008459.1_12	1.00	0.00	0.00	0.00
NC_008459.1_13	1.00	0.00	0.00	0.00
NC_008459.1_35	1.00	0.58	0.58	0.58
NC_008459.1_7	1.00	0.73	0.73	0.70
NC_008459.1_8	1.00	0.55	0.55	0.52
